+36203696978
06303722142
06709449279
06706698091
06706577563
+36300123691
+36705332777
06205472045
+36700187580
06207399769
+36206480044
06708718812
06201784187
06702571340
06208014379
06208957764
06705120315
06202637790
+36200640595
06703480755
+36708879814
+36308125735
06203463441
06703197112
06303083583
06707775444
06200442864
06306090348
06203098967
+36300875391
06700022943
06707742611
06201147441
+36207169906
06200114420
06300725328
06203357052
+36309783599
06709762747
06309274190
+36306206286
06208712612
06204061908
06308568315
06709347661
06204765127
+36207529795
06305940732
06307649907
+36307244168
06306055281
+36208492387
06208762144
06300187196
+36209136839
06705496616
06209481153
06302130574
06706193224
06205456008
06204707369
06705491173
06700626712
06708503186
06206982454
06303427300
06209809460
06207230417
+36201816287
06203020237
06200742233
+36301291069
06708262153
+36709709279
06706957352
+36703106123
06305869854
+36704102237
06204180958
06309358531
06702709396
06307096881
06707581091
+36203656095
+36300478410
06705347665
+36709061888
06208009124
06300817090
+36206699051
+36307958910
06208622250
+36306297037
06302804757
06200180689
06709333850
+36205081164
06200486454
06306551793
06702804412
06302802585
06700297871
06707439738
06702596429
06202406581
06309592312
+36703307439
06307486864
06709084748
06709018494
+36702506633
+36706263743
06308855956
06202999127
06307235135
06300627514
+36703755961
06309703550
+36200371079
+36309448465
+36308227498
+36305607791
+36200178532
06700124819
06307387342
+36203164793
+36208069422
06302079765
+36204283513
06200632148
06207795459
06302330838
06204544642
06201993164
06301873357
06306970321
+36307214223
06204927697
06204019768
06204156169
06704755063
06204837261
06304755659
06705785783
06704805535
+36709788532
+36701919629
06302804496
06703921017
06207624229
06308428578
06307529284
06307099261
06203857525
06206535385
06308843937
06204925745
+36300909436
06301270322
06206992031
06709089984
+36703840619
+36703359341
06304787734
06705228683
06308637353
06303974713
06700600693
06207577649
06201633496
06700140459
06204803403
+36208623458
06304720341
+36207602742
+36302723987
06305679121
+36309345208
+36702698081
+36301183350
+36304748020
06209741430
+36205668857
06306509463
+36703367876
06709965383
+36700599198
+36701028704
+36205888165
06207022596
+36709426840
+36206116076
06701242348
06205953141
+36209893765
06300005562
+36204608881
+36306306454
+36708748748
06202938152
